-3.7749,0.7251,-0.44995,175.07,-34.085,0.013506
-1.5249,1.9751,-0.94995,175.26,-33.75,0.32556
-2.5249,0.9751,-0.94995,175.01,-34.018,0.4623
-1.5249,2.4751,0.30005,175.72,-33.614,0.57846
-2.2749,2.9751,-2.2,175.2,-33.481,0.68453
-0.5249,2.2251,-2.95,174.81,-33.683,0.81132
-1.7749,0.7251,-2.7,174.49,-34.085,0.92169
-2.7749,2.7251,1.3,176.04,-33.545,1.0355
-2.0249,2.2251,1.55,175.98,-33.68,1.143
-3.2749,2.7251,2.8,176.43,-33.542,1.2529
-1.7749,2.7251,5.8,177.21,-33.534,1.3581
-0.5249,2.2251,6.55,177.28,-33.667,1.464
-2.5249,2.9751,15.05,179.68,-33.417,1.582
-2.2749,2.2251,16.3,179.81,-33.614,1.6901
-4.0249,2.4751,15.55,179.68,-33.551,1.7966
-2.7749,5.2251,18.8,181.23,-32.762,1.9197
-4.0249,5.7251,24.05,182.72,-32.567,2.0366
-5.0249,7.7251,32.3,185.37,-31.887,2.1402
-4.2749,7.4751,33.05,185.5,-31.946,2.249
-4.2749,8.7251,32.8,185.76,-31.595,2.3523
-3.2749,7.2251,39.3,187.06,-31.91,2.4551
-5.7749,7.7251,42.55,188.02,-31.703,2.5624
-6.0249,10.225,44.8,189.24,-30.933,2.6707
-5.0249,9.2251,58.8,192.61,-30.883,2.774
-4.2749,17.975,59.8,195.08,-28.252,2.8785
-4.2749,21.475,61.3,196.34,-27.153,2.9829
-3.2749,24.975,70.3,199.52,-25.772,3.095
-3.5249,27.725,75.8,201.61,-24.709,3.2052
-3.5249,36.225,74.3,203.29,-22.133,3.3121
-5.7749,35.475,85.3,205.92,-21.865,3.422
-5.0249,46.975,90.3,209.92,-17.941,3.5333
-3.0249,48.975,91.3,210.65,-17.241,3.6417
-2.2749,53.725,104.3,215.04,-14.925,3.7548
-2.2749,62.475,123.55,221.85,-10.689,3.8783
-3.2749,75.475,119.05,223.59,-6.5835,3.9889
-2.5249,76.725,116.05,223.12,-6.3832,4.0878
-4.0249,82.975,129.8,227.86,-3.1286,4.1949
-2.5249,90.725,146.8,233.63,1.1091,4.3224
-1.0249,98.475,146.8,235.21,3.896,4.4356
-1.7749,100.73,147.05,235.72,4.7327,4.5605
-6.5249,109.98,167.05,242.29,10.159,4.6681
-2.0249,117.23,166.55,243.56,12.806,4.7918
-2.2749,125.73,170.05,245.95,16.388,4.8981
-2.7749,134.48,195.3,253.32,22.766,5.0043
-1.0249,146.73,194.05,255.1,27.383,5.1121
-2.2749,152.23,195.8,256.39,29.77,5.2146
-2.2749,154.73,207.3,259.34,32.306,5.3221
-3.7749,162.73,209.05,260.96,35.741,5.4291
-2.0249,172.23,228.05,266.46,42.338,5.5414
-2.5249,178.48,237.05,269.22,46.274,5.6435
-1.5249,213.23,244.55,275.06,61.994,0.002028
-3.2749,232.23,200.55,268.31,62.703,0.111
-0.7749,270.98,197.55,271.55,78.256,0.21013
-4.5249,321.98,195.05,274.7,99.189,0.31527
-2.0249,337.73,193.55,275.22,105.55,0.43014
-2.5249,345.23,197.8,276.29,109.53,0.55605
-0.5249,344.98,194.3,275.66,108.76,0.66625
-1.5249,349.23,191.55,275.35,110.03,0.7723
-1.5249,347.73,192.05,275.38,109.49,0.87664
-2.2749,347.23,192.8,275.49,109.42,0.98032
-2.5249,349.98,193.05,275.64,110.63,1.0895
0.4751,342.73,190.3,274.86,107.05,1.1925
-0.024902,344.23,188.8,274.66,107.39,1.2965
-1.5249,339.73,188.05,274.33,105.36,1.4017
-1.7749,337.73,185.05,273.7,103.96,1.5046
-2.2749,333.23,181.8,272.88,101.47,1.622
-3.7749,327.73,178.55,271.99,98.572,1.7326
-3.0249,324.48,177.3,271.57,96.99,1.8371
-1.7749,315.98,171.8,270.01,92.477,1.9392
0.2251,312.48,171.3,269.68,90.94,2.044
-1.0249,302.23,165.8,267.89,85.761,2.1591
-1.5249,303.73,162.8,267.41,85.865,2.2629
-3.5249,288.23,159.55,265.51,78.985,2.3717
-1.7749,277.73,151.8,263,73.474,2.4978
-0.7749,275.48,148.3,262.06,72.014,2.6032
-1.0249,267.48,145.55,260.69,68.379,2.7186
-2.2749,258.23,139.8,258.5,63.826,2.8228
-1.2749,249.48,137.05,256.93,59.962,2.9241
-1.2749,238.98,127.3,253.56,54.469,3.0314
-2.0249,235.73,126.55,252.99,53.103,3.1424
-2.5249,223.73,119.3,249.81,47.506,3.2683
-1.5249,210.23,111.55,246.18,41.387,3.4024
-2.2749,195.73,100.3,241.42,34.631,3.5185
-0.7749,189.23,99.8,240.3,32.173,3.6258
1.7251,168.98,82.55,232.86,23.019,3.7335
-4.0249,155.48,85.55,231.21,18.501,3.8409
-4.0249,147.73,83.8,229.39,15.602,3.9456
-0.7749,133.23,74.55,224.4,9.761,4.0468
-0.024902,125.48,72.55,222.4,6.946,4.1508
-0.7749,117.48,69.55,220.07,4.0043,4.2531
-1.7749,103.23,56.3,213.82,-1.642,4.3566
2.4751,83.725,51.8,208.5,-8.2211,4.459
-1.7749,73.725,43.55,204.17,-11.799,4.5625
-0.7749,57.975,34.3,198.19,-17.044,4.6653
-3.0249,48.475,33.3,195.69,-19.949,4.7705
-7.2749,29.725,18.05,187.2,-25.849,4.8736
-0.024902,22.975,14.05,184.5,-27.841,4.9732
-3.2749,7.9751,5.05,178.37,-32.105,5.0768
-3.5249,7.2251,7.55,178.82,-32.297,5.1813
-3.2749,6.4751,-12.2,173.5,-32.535,5.2858
-2.5249,-4.0249,-15.45,169.94,-35.285,0.000198
-3.0249,-6.2749,-15.95,169.22,-35.866,0.10665
3.2251,45.475,-14.2,182.69,-21.887,0.20875
-7.7749,102.73,-5.45,197.98,-4.9367,0.31461
-19.525,220.23,-5.95,219.66,32.783,0.41543
-14.525,284.73,-0.19995,230.07,55.616,0.5186
2.7251,415.48,-6.2,240.08,102.13,0.62366
3.2251,545.98,-5.95,241.86,150.58,0.73854
3.2251,612.73,-5.45,239.08,175.32,0.84761
2.2251,760.98,-7.45,223.62,227.71,0.95507
1.2251,843.98,-8.7,209.95,255.04,1.0624
-0.7749,896.23,-11.95,199.49,270.64,1.1732
0.9751,906.73,-14.7,197.14,273.14,1.275
-1.7749,904.48,-15.45,197.57,272.27,1.393
0.7251,893.98,-16.7,199.68,268.75,1.4919
0.2251,884.98,-23.2,201.1,264.34,1.6148
0.7251,876.73,-22.95,202.74,261.85,1.7196
0.2251,853.48,-26.2,206.89,253.73,1.831
-0.2749,843.98,-26.45,208.58,250.65,1.9348
0.7251,823.73,-31.45,211.62,242.89,2.0451
0.9751,811.73,-32.95,213.43,238.62,2.1497
-1.7749,776.23,-39.7,218.01,225.26,2.2791
1.2251,741.23,-42.45,222.2,212.8,2.3818
0.9751,730.48,-42.95,223.39,209.01,2.4854
-7.7749,698.48,-54.7,225.08,195.4,2.597
-0.5249,686.23,-51.95,226.59,191.75,2.7048
-0.7749,645.98,-65.45,227.48,174.91,2.8105
1.9751,625.48,-63.45,228.96,168.13,2.9142
-0.5249,591.73,-73.2,228.61,154.42,3.0242
-0.2749,553.98,-81.95,227.66,139.64,3.132
-3.7749,537.23,-82.2,227.65,133.75,3.237
0.4751,498.48,-91.2,225.3,118.85,3.362
-1.2749,475.98,-92.2,224.39,110.94,3.466
-1.2749,426.98,-100.7,220.02,93.082,3.5714
1.2251,402.48,-104.7,217.36,84.384,3.6761
0.2251,353.98,-111.2,211.42,67.746,3.7791
1.2251,332.48,-109.45,209.52,60.963,3.8835
-2.7749,288.98,-117.7,202.05,46.588,3.9867
-3.0249,266.73,-130.95,195.56,38.999,4.0915
-0.024902,200.73,-145.95,180.98,19.354,4.1952
0.4751,185.98,-136.7,180.71,15.453,4.3002
-3.0249,127.98,-154.95,164.63,-0.00085841,4.4096
0.2251,105.73,-156.45,159.55,-5.5105,4.513
-0.024902,49.225,-163.95,144.86,-18.464,4.6158
0.4751,13.975,-168.45,135.22,-25.798,4.7194
-1.7749,-39.025,-169.2,121.53,-36.188,4.8393
0.7251,-70.275,-180.2,110.53,-40.766,4.9431
1.2251,-75.025,-193.2,106.14,-40.248,5.05
-0.7749,-73.525,-192.2,106.78,-40.106,5.16
-0.024902,-73.025,-203.95,104.12,-38.792,5.2631
-0.2749,-73.525,-217.45,100.81,-37.391,0.000186
0.2251,-70.525,-211.2,103.08,-37.612,0.099989
-2.2749,-71.275,-207.2,103.82,-38.164,0.20396
1.2251,-70.525,-194.2,107.11,-39.409,0.30834
-1.2749,-70.025,-191.45,107.9,-39.607,0.41152
1.2251,-69.775,-180.2,110.67,-40.681,0.51754
1.7251,-69.275,-176.45,111.7,-40.958,0.6278
1.9751,-70.025,-172.95,112.35,-41.419,0.7313
1.7251,-72.775,-165.95,113.3,-42.552,0.83201
0.4751,-69.775,-165.95,114.11,-42.028,0.93505
2.2251,-71.525,-164.7,113.94,-42.449,1.0409
3.4751,-70.025,-163.2,114.71,-42.323,1.1444
1.9751,-70.275,-158.95,115.68,-42.751,1.2578
4.9751,-70.275,-150.7,117.69,-43.476,1.3582
15.975,-64.025,-119.45,127.1,-44.779,1.4777
0.4751,-21.525,-96.95,144.31,-37.269,1.5993
-4.2749,4.4751,-89.95,152.86,-31.626,1.7046
-3.7749,46.975,-83.45,165.08,-21.416,1.808
-2.7749,51.725,-76.7,167.96,-20.285,1.9109
-1.0249,9.2251,-48.7,164.74,-31.493,2.0199
-7.2749,5.2251,-22.95,170.38,-32.815,2.125
-6.7749,6.7251,-9.95,174.14,-32.473,2.231
-6.2749,7.7251,13.3,180.44,-32.118,2.3333
-6.5249,3.9751,15.05,179.93,-33.141,2.4364
-5.2749,3.4751,13.05,179.28,-33.293,2.5394
-5.2749,3.7251,13.55,179.48,-33.221,2.6428
-5.0249,2.9751,12.55,179.02,-33.433,2.7518
-5.2749,3.7251,12.55,179.22,-33.227,2.8565
-4.0249,3.4751,13.3,179.35,-33.291,2.9611
-4.0249,2.7251,14.05,179.35,-33.492,3.0656
-4.0249,4.2251,12.05,179.22,-33.093,3.1842
-4.2749,2.7251,12.55,178.96,-33.502,3.2889
-4.7749,2.4751,13.8,179.22,-33.563,3.3922
-5.5249,3.9751,13.8,179.61,-33.15,3.5145
-5.2749,1.4751,14.05,179.02,-33.836,3.6435
-4.7749,3.4751,14.05,179.54,-33.286,3.7641
-7.5249,3.2251,13.3,179.28,-33.36,3.87
-4.7749,3.4751,13.55,179.41,-33.289,3.9752
-5.0249,2.4751,14.05,179.28,-33.561,4.0913
-5.2749,4.9751,13.55,179.8,-32.876,4.1944
-5.2749,3.9751,12.8,179.35,-33.157,4.2995
-5.2749,3.9751,12.8,179.35,-33.157,4.4067
-5.2749,3.9751,12.8,179.35,-33.157,4.5083
-5.2749,3.9751,12.8,179.35,-33.157,4.6117
-5.2749,3.9751,12.8,179.35,-33.157,4.7173
-5.2749,3.9751,12.8,179.35,-33.157,4.8214
-5.2749,3.9751,12.8,179.35,-33.157,4.9244
-5.2749,3.9751,12.8,179.35,-33.157,5.027
-5.2749,3.9751,12.8,179.35,-33.157,5.1306
-5.2749,3.9751,12.8,179.35,-33.157,5.2297
-5.2749,3.9751,12.8,179.35,-33.157,0.00017
-5.2749,3.9751,12.8,179.35,-33.157,0.10838
-5.2749,3.9751,12.8,179.35,-33.157,0.21182
-5.2749,3.9751,12.8,179.35,-33.157,0.31455
-5.2749,3.9751,12.8,179.35,-33.157,0.41804
-5.2749,3.9751,12.8,179.35,-33.157,0.52428
-5.2749,3.9751,12.8,179.35,-33.157,0.62744
-5.2749,3.9751,12.8,179.35,-33.157,0.72983
-5.2749,3.9751,12.8,179.35,-33.157,0.83032
-5.2749,3.9751,12.8,179.35,-33.157,0.93903
-5.2749,3.9751,12.8,179.35,-33.157,1.0408
-5.2749,3.9751,12.8,179.35,-33.157,1.1661
-5.2749,3.9751,12.8,179.35,-33.157,1.2675
-5.2749,3.9751,12.8,179.35,-33.157,1.3699
-5.2749,3.9751,12.8,179.35,-33.157,1.4737
-5.2749,3.9751,12.8,179.35,-33.157,1.5786
-5.2749,3.9751,12.8,179.35,-33.157,1.6775
-5.2749,3.9751,12.8,179.35,-33.157,1.78
-5.2749,3.9751,12.8,179.35,-33.157,1.8874
-5.2749,3.9751,12.8,179.35,-33.157,1.9964
-5.2749,3.9751,12.8,179.35,-33.157,2.0964
-5.2749,3.9751,12.8,179.35,-33.157,2.2094
-5.2749,3.9751,12.8,179.35,-33.157,2.318
-5.2749,3.9751,12.8,179.35,-33.157,2.4371
-5.2749,3.9751,12.8,179.35,-33.157,2.5382
-5.2749,3.9751,12.8,179.35,-33.157,2.6446
-5.2749,3.9751,12.8,179.35,-33.157,2.7481
-5.2749,3.9751,12.8,179.35,-33.157,2.8547
-5.2749,3.9751,12.8,179.35,-33.157,2.9579
-5.2749,3.9751,12.8,179.35,-33.157,3.0601
-5.2749,3.9751,12.8,179.35,-33.157,3.1644
-5.2749,3.9751,12.8,179.35,-33.157,3.2676
-5.2749,3.9751,12.8,179.35,-33.157,3.3737
-5.2749,3.9751,12.8,179.35,-33.157,3.4767
-5.2749,3.9751,12.8,179.35,-33.157,3.5779
-5.2749,3.9751,12.8,179.35,-33.157,3.6825
-5.2749,3.9751,12.8,179.35,-33.157,3.7841
-5.2749,3.9751,12.8,179.35,-33.157,3.8857
-5.2749,3.9751,12.8,179.35,-33.157,3.9882
-5.2749,3.9751,12.8,179.35,-33.157,4.0915
-5.2749,3.9751,12.8,179.35,-33.157,4.1911
-5.2749,3.9751,12.8,179.35,-33.157,4.3109
-5.2749,3.9751,12.8,179.35,-33.157,4.4127
-5.2749,3.9751,12.8,179.35,-33.157,4.519
-5.2749,3.9751,12.8,179.35,-33.157,4.6199
-5.2749,3.9751,12.8,179.35,-33.157,4.7242
-5.2749,3.9751,12.8,179.35,-33.157,4.8393
-5.2749,3.9751,12.8,179.35,-33.157,4.9563
-5.2749,3.9751,12.8,179.35,-33.157,5.0602
-5.2749,3.9751,12.8,179.35,-33.157,5.1874
